chr2	39056701	39058804	circular_RNA/1	1	-	39056701	39056701	0,0,0	2	165,132	0,1971	1	circRNA	SOS1	NM_001382395	4,3	chr2:39054823-39056701|chr2:39058804-39067627
chr1	729897	733213	circular_RNA/1	0	-	729897	729897	0,0,0	3	58,191,233	0,2119,3083	1	circRNA	LOC100288069	NR_168328	19,18,17	chr1:729804-729897|chr1:733213-733306
chr1	732980	735613	circular_RNA/1	1	-	732980	732980	0,0,0	3	233,58,195	0,326,2438	1	circRNA	LOC100288069	NR_168328	17,16,15	chr1:732207-732980|chr1:735613-738833
chr1	738833	740186	circular_RNA/1	1	-	738833	738833	0,0,0	2	191,58	0,1295	1	circRNA	LOC100288069	NR_168328	14,13	chr1:735613-738833|chr1:740186-743285
chr1	23030468	23044486	circular_RNA/1	1	+	23030468	23030468	0,0,0	2	166,60	0,13958	1	circRNA	KDM1A	NM_001009999	2,3	chr1:23019947-23030468|chr1:23044486-23050386
chr1	26729650	26732792	circular_RNA/1	0	+	26729650	26729650	0,0,0	3	213,453,117	0,1501,3025	1	circRNA	ARID1A	NM_006015	2,3,4	chr1:26697540-26729650|chr1:26732792-26760855
chr1	28683582	28690186	circular_RNA/1	1	+	28683582	28683582	0,0,0	2	158,83	0,6521	1	circRNA	GMEB1	NM_001319674	2,3	chr1:28668839-28683582|chr1:28690186-28691584
chr1	28683582	28690186	circular_RNA/1	1	+	28683582	28683582	0,0,0	2	158,113	0,6491	1	circRNA	GMEB1	NM_006582	2,3	chr1:28668839-28683582|chr1:28690186-28691584
chr1	51803813	51809401	circular_RNA/1	0	-	51803813	51803813	0,0,0	4	151,52,120,87	0,1696,2980,5501	1	circRNA	NRDC	NM_001242361	22,21,20,19	chr1:51800683-51803813|chr1:51809401-51810280
chr1	110891391	110892533	circular_RNA/1	1	+	110891391	110891391	0,0,0	2	80,189	0,953	1	circRNA	CD53	NM_001040033	3,4	chr1:110873248-110891391|chr1:110892533-110894326
chr1	145305069	145321912	circular_RNA/1	1	-	145305069	145305069	0,0,0	22	109,173,52,173,109,173,52,173,52,173,109,173,52,173,52,173,109,173,52,173,52,173	0,823,1646,2407,3183,4006,4827,5588,6367,7138,7939,8762,9595,10356,11137,11908,12711,13534,14365,15126,15899,16670	1	circRNA	NBPF20	NM_001278267	122,121,120,119,118,117,116,115,114,113,112,111,110,109,108,107,106,105,104,103,102,101	chr1:145304466-145305069|chr1:145321912-145322542
chr1	145323365	145379725	circular_RNA/1	0	-	145323365	145323365	0,0,0	72	173,52,173,52,173,109,173,52,173,52,173,109,173,52,173,52,173,109,173,52,173,52,173,109,173,52,173,52,173,109,173,52,173,52,173,109,173,52,173,52,173,109,173,52,173,52,173,109,173,52,173,52,173,109,173,52,173,52,173,109,173,52,173,52,173,109,173,52,173,52,173,109	0,819,1580,2353,3124,3925,4748,5579,6340,7120,7891,8692,9515,10332,11093,11876,12647,13448,14271,15088,15849,16630,17401,18198,19021,19842,20603,21384,22155,22956,23779,24612,25373,26154,26925,27728,28551,29376,30137,30918,31689,32490,33313,34124,34885,35665,36436,37237,38060,38877,39638,40419,41190,41991,42814,43637,44398,45179,45950,46751,47574,48385,49146,49927,50698,51499,52322,53139,53900,54677,55448,56251	1	circRNA	NBPF20	NM_001278267	99,98,97,96,95,94,93,92,91,90,89,88,87,86,85,84,83,82,81,80,79,78,77,76,75,74,73,72,71,70,69,68,67,66,65,64,63,62,61,60,59,58,57,56,55,54,53,52,51,50,49,48,47,46,45,44,43,42,41,40,39,38,37,36,35,34,33,32,31,30,29,28	chr1:145322651-145323365|chr1:145379725-145380439
chr1	146083736	146097184	circular_RNA/1	0	-	146083736	146083736	0,0,0	18	173,109,173,52,173,52,173,109,173,52,173,52,173,109,173,52,173,52	0,781,1604,2427,3187,3956,4727,5502,6325,7144,7905,8674,9445,10220,11043,11866,12627,13396	1	circRNA	NBPF10	NM_001039703	68,67,66,65,64,63,62,61,60,59,58,57,56,55,54,53,52,51	chr1:146083017-146083736|chr1:146097184-146097903
chr1	148565319	148577355	circular_RNA/1	1	-	148565319	148565319	0,0,0	12	109,173,52,173,52,173,109,173,52,173,52,173	0,823,1632,2393,3162,3935,7910,8733,9558,10319,11090,11863	1	circRNA	NBPF14	NM_015383	25,24,23,22,21,20,19,18,17,16,15,14	chr1:148564711-148565319|chr1:148577355-148577982
chr1	149491138	149495251	circular_RNA/1	1	+	149491138	149491138	0,0,0	6	173,109,173,52,173,52	0,887,1629,2521,3179,4061	1	circRNA	NBPF19	NM_001351365	13,14,15,16,17,18	chr1:149490494-149491138|chr1:149495251-149495901
chr1	154172907	154173201	circular_RNA/1	0	-	154172907	154172907	0,0,0	2	71,118	0,176	1	circRNA	TPM3	NM_001278190	4,3	chr1:154172104-154172907|chr1:154173201-154176114
chr1	155378280	155415923	circular_RNA/1	0	-	155378280	155378280	0,0,0	5	109,46,89,95,180	0,222,1762,17178,37463	1	circRNA	ASH1L	NM_001366177	10,9,8,7,6	chr1:155370983-155378280|chr1:155415923-155438326
chr1	155378280	155415923	circular_RNA/1	0	-	155378280	155378280	0,0,0	5	109,46,74,95,180	0,222,1762,17178,37463	1	circRNA	ASH1L	NM_018489	10,9,8,7,6	chr1:155370983-155378280|chr1:155415923-155438326
chr1	174250474	174305127	circular_RNA/1	1	+	174250474	174250474	0,0,0	6	158,111,67,103,167,142	0,2005,21939,25358,28138,54511	1	circRNA	RABGAP1L	NM_014857	6,7,8,9,10,11	chr1:174241657-174250474|chr1:174305127-174370978
chr1	207550734	207565923	circular_RNA/2	0	+	207550734	207550734	0,0,0	8	219,180,100,86,399,177,103,86	0,1229,2017,7803,10004,13129,13397,15103	2	circRNA	CR1	NM_000573	9,10,11,12,13,14,15,16	chr1:207528801-207550734|chr1:207565923-207567823
chr1	224952669	225007544	circular_RNA/1	1	+	224952669	224952669	0,0,0	9	110,140,150,131,153,116,63,145,132	0,2289,7483,11809,14761,16089,21421,50113,54743	1	circRNA	DNAH14	NM_001145154	2,3,4,5,6,7,8,9,10	chr1:224929835-224952669|chr1:225007544-225023614
chr1	224952669	225007544	circular_RNA/1	1	+	224952669	224952669	0,0,0	9	110,140,150,131,84,116,63,145,132	0,2289,7483,11809,14761,16089,21421,50113,54743	1	circRNA	DNAH14	NM_001349911	2,3,4,5,6,7,8,9,10	chr1:224929835-224952669|chr1:225007544-225023614
chr1	225002782	225038823	circular_RNA/1	1	+	225002782	225002782	0,0,0	4	145,132,251,130	0,4630,20832,35911	1	circRNA	DNAH14	NM_001367479	9,10,11,12	chr1:224974153-225002782|chr1:225038823-225042834
chr1	233198938	233252788	circular_RNA/1	0	-	233198938	233198938	0,0,0	10	92,111,172,33,154,146,136,94,146,148	0,1215,9579,18960,19092,28287,37906,51800,53415,53702	1	circRNA	PCNX2	NM_014801	15,14,13,12,11,10,9,8,7,6	chr1:233179175-233198938|chr1:233252788-233258027
chr1	243156220	243172846	circular_RNA/1	1	-	243156220	243156220	0,0,0	4	235,1833,127,150	0,8063,13407,16476	1	circRNA	CEP170	NM_014812	14,13,12,11	chr1:243142463-243156220|chr1:243172846-243185778
chr1	243156220	243172846	circular_RNA/1	1	-	243156220	243156220	0,0,0	4	127,1833,127,150	0,8063,13407,16476	1	circRNA	CEP170	NM_001042405	13,12,11,10	chr1:243142463-243156220|chr1:243172846-243186258
