chr2	25274940	25314161	circular_RNA/1	1	-	25274940	25274940	0,0,0	5	147,44,271,105,249	0,559,7500,25198,38972	1	circRNA	DNMT3A	NM_022552	6,5,4,3,2	chr2:25248252-25274940|chr2:25314161-25341825
chr2	32377587	32395593	circular_RNA/1	1	+	32377587	32377587	0,0,0	5	182,138,194,112,83	0,2565,11162,14451,17923	1	circRNA	BIRC6	NM_016252	2,3,4,5,6	chr2:32357486-32377587|chr2:32395593-32401162
chr2	32607454	32611582	circular_RNA/1	1	+	32607454	32607454	0,0,0	2	189,135	0,3993	1	circRNA	BIRC6	NM_016252	72,73	chr2:32603083-32607454|chr2:32611582-32617724
chr1	729897	733213	circular_RNA/1	0	-	729897	729897	0,0,0	3	58,191,233	0,2119,3083	1	circRNA	LOC100288069	NR_168328	19,18,17	chr1:729804-729897|chr1:733213-733306
chr1	1223243	1223968	circular_RNA/1	1	-	1223243	1223243	0,0,0	2	114,137	0,588	1	circRNA	SDF4	NM_016176	4,3	chr1:1218927-1223243|chr1:1223968-1228467
chr1	15534236	15536814	circular_RNA/1	1	+	15534236	15534236	0,0,0	2	67,340	0,2238	1	circRNA	DNAJC16	NM_001287811	2,3	chr1:15526958-15534236|chr1:15536814-15544398
chr1	16581419	16587261	circular_RNA/1	1	-	16581419	16581419	0,0,0	5	73,215,103,210,212	0,1124,2174,4069,5630	1	circRNA	NBPF1	NM_017940	15,14,13,12,11	chr1:16580956-16581419|chr1:16587261-16587724
chr1	20757165	20773610	circular_RNA/1	0	-	20757165	20757165	0,0,0	5	91,155,81,144,160	0,8211,10418,13764,16285	1	circRNA	HP1BP3	NM_001376787	9,8,7,6,5	chr1:20749882-20757165|chr1:20773610-20776596
chr1	24666814	24670315	circular_RNA/1	0	+	24666814	24666814	0,0,0	3	111,465,196	0,2308,3305	1	circRNA	SRRM1	NM_001303448	14,15,16	chr1:24663224-24666814|chr1:24670315-24671385
chr1	25227441	25228235	circular_RNA/1	1	-	25227441	25227441	0,0,0	2	91,118	0,676	1	circRNA	SYF2	NM_015484	5,4	chr1:25225100-25227441|chr1:25228235-25228997
chr1	26729650	26732792	circular_RNA/1	0	+	26729650	26729650	0,0,0	3	213,453,117	0,1501,3025	1	circRNA	ARID1A	NM_006015	2,3,4	chr1:26697540-26729650|chr1:26732792-26760855
chr1	31915894	31919658	circular_RNA/1	1	-	31915894	31915894	0,0,0	2	93,689	0,3075	1	circRNA	PTP4A2	NM_001369859	4,3	chr1:31911826-31915894|chr1:31919658-31930932
chr1	35358924	35361789	circular_RNA/1	0	+	35358924	35358924	0,0,0	3	522,62,171	0,2269,2694	1	circRNA	ZMYM4	NM_001375653	3,4,5	chr1:35325405-35358924|chr1:35361789-35370028
chr1	113829591	113834439	circular_RNA/2	1	-	113829591	113829591	0,0,0	4	116,81,28,131	0,357,3519,4717	2	circRNA	PTPN22	NM_015967	18,17,16,15	chr1:113825172-113829591|chr1:113834439-113834909
chr1	113829591	113834439	circular_RNA/2	1	-	113829591	113829591	0,0,0	4	116,81,28,47	0,357,3519,4801	2	circRNA	PTPN22	NM_001193431	18,17,16,15	chr1:113825172-113829591|chr1:113834439-113834909
chr1	117402185	117442325	circular_RNA/1	1	+	117402185	117402185	0,0,0	5	256,97,119,81,95	0,3363,12527,18383,40045	1	circRNA	MAN1A2	NM_006699	2,3,4,5,6	chr1:117368485-117402185|chr1:117442325-117460488
chr1	145306715	145318776	circular_RNA/1	1	-	145306715	145306715	0,0,0	16	52,173,109,173,52,173,52,173,109,173,52,173,52,173,109,173	0,761,1537,2360,3181,3942,4721,5492,6293,7116,7949,8710,9491,10262,11065,11888	1	circRNA	NBPF20	NM_001278267	120,119,118,117,116,115,114,113,112,111,110,109,108,107,106,105	chr1:145306065-145306715|chr1:145318776-145319434
chr1	145314664	145361598	circular_RNA/1	1	-	145314664	145314664	0,0,0	60	52,173,52,173,109,173,52,173,52,173,109,173,52,173,52,173,109,173,52,173,52,173,109,173,52,173,52,173,109,173,52,173,52,173,109,173,52,173,52,173,109,173,52,173,52,173,109,173,52,173,52,173,109,173,52,173,52,173,109,173	0,761,1542,2313,3116,3939,4770,5531,6304,7075,7878,8701,9520,10281,11054,11825,12626,13449,14280,15041,15821,16592,17393,18216,19033,19794,20577,21348,22149,22972,23789,24550,25331,26102,26899,27722,28543,29304,30085,30856,31657,32480,33313,34074,34855,35626,36429,37252,38077,38838,39619,40390,41191,42014,42825,43586,44366,45137,45938,46761	1	circRNA	NBPF20	NM_001278267	110,109,108,107,106,105,104,103,102,101,100,99,98,97,96,95,94,93,92,91,90,89,88,87,86,85,84,83,82,81,80,79,78,77,76,75,74,73,72,71,70,69,68,67,66,65,64,63,62,61,60,59,58,57,56,55,54,53,52,51	chr1:145314004-145314664|chr1:145361598-145362242
chr1	145347977	145352089	circular_RNA/1	1	-	145347977	145347977	0,0,0	6	52,173,52,173,109,173	0,761,1542,2313,3116,3939	1	circRNA	NBPF20	NM_001278267	68,67,66,65,64,63	chr1:145347317-145347977|chr1:145352089-145352741
chr1	146086923	146100376	circular_RNA/1	1	-	146086923	146086923	0,0,0	18	173,52,173,109,173,52,173,52,173,109,173,52,173,52,173,109,173,52	0,769,1540,2315,3138,3957,4718,5487,6258,7033,7856,8679,9440,10209,10980,11755,12578,13401	1	circRNA	NBPF10	NM_001039703	64,63,62,61,60,59,58,57,56,55,54,53,52,51,50,49,48,47	chr1:146086215-146086923|chr1:146100376-146101085
chr1	149492767	149511174	circular_RNA/1	1	+	149492767	149492767	0,0,0	24	173,52,173,52,173,109,173,52,173,52,173,109,173,52,173,52,173,109,173,52,173,52,173,109	0,892,1550,2432,3134,4021,4757,5649,6305,7187,7889,8776,9518,10410,11066,11948,12650,13537,14279,15171,15827,16709,17411,18298	1	circRNA	NBPF19	NM_001351365	15,16,17,18,19,20,21,22,23,24,25,26,27,28,29,30,31,32,33,34,35,36,37,38	chr1:149492134-149492767|chr1:149511174-149511807
chr1	149515821	149553059	circular_RNA/1	1	+	149515821	149515821	0,0,0	48	109,173,52,173,52,173,109,173,52,173,52,173,109,173,52,173,52,173,109,173,52,173,52,173,109,173,52,173,52,173,109,173,52,173,52,173,109,173,52,173,52,173,109,173,52,173,52,173	0,742,1634,2288,3170,3866,4753,5497,6389,7043,7925,8623,9510,10248,11140,11792,12674,13352,14239,14977,15869,16523,17405,18103,18990,19732,20624,21278,22160,22854,23741,24479,25371,26031,26913,27591,28478,29216,30108,30768,31650,32328,33215,33953,34845,35505,36387,37065	1	circRNA	NBPF19	NM_001351365	44,45,46,47,48,49,50,51,52,53,54,55,56,57,58,59,60,61,62,63,64,65,66,67,68,69,70,71,72,73,74,75,76,77,78,79,80,81,82,83,84,85,86,87,88,89,90,91	chr1:149515108-149515821|chr1:149553059-149553773
chr1	149535553	149549145	circular_RNA/1	1	+	149535553	149535553	0,0,0	18	173,52,173,52,173,109,173,52,173,52,173,109,173,52,173,52,173,109	0,892,1546,2428,3122,4009,4747,5639,6299,7181,7859,8746,9484,10376,11036,11918,12596,13483	1	circRNA	NBPF19	NM_001351365	69,70,71,72,73,74,75,76,77,78,79,80,81,82,83,84,85,86	chr1:149534920-149535553|chr1:149549145-149549774
chr1	159045296	159045464	circular_RNA/2	1	+	159045296	159045296	0,0,0	1	168	0	2	circRNA	IFI16	NM_001364867	9	chr1:159032691-159045296|chr1:159045464-159049431
chr1	206585295	206586797	circular_RNA/1	0	+	206585295	206585295	0,0,0	1	1502	0	1	ciRNA	RASSF5	NM_182663	5	chr1:206585295-206586825
chr1	207527020	207545484	circular_RNA/1	1	+	207527020	207527020	0,0,0	8	103,86,219,180,100,86,399,177	0,1695,5159,6388,7176,12960,15161,18287	1	circRNA	CR1	NM_000651	7,8,9,10,11,12,13,14	chr1:207526929-207527020|chr1:207545484-207545575
chr1	207542181	207558623	circular_RNA/1	0	+	207542181	207542181	0,0,0	8	399,177,103,86,219,180,100,86	0,3126,3394,5089,8553,9782,10570,16356	1	circRNA	CR1	NM_000651	13,14,15,16,17,18,19,20	chr1:207540066-207542181|chr1:207558623-207560738
chr1	207558537	207569946	circular_RNA/1	1	+	207558537	207558537	0,0,0	8	86,399,177,103,86,219,180,100	0,2201,5326,5594,7300,9286,10521,11309	1	circRNA	CR1	NM_000573	12,13,14,15,16,17,18,19	chr1:207552851-207558537|chr1:207569946-207575594
chr1	212329134	212345933	circular_RNA/1	1	+	212329134	212329134	0,0,0	4	197,102,93,131	0,4362,13053,16668	1	circRNA	PPP2R5A	NM_006243	2,3,4,5	chr1:212286291-212329134|chr1:212345933-212347346
chr1	224317693	224317930	circular_RNA/1	0	-	224317693	224317693	0,0,0	2	100,53	0,184	1	circRNA	NVL	NM_001243146	3,2	chr1:224305166-224317693|chr1:224317930-224330070
chr1	235830225	235833667	circular_RNA/1	1	-	235830225	235830225	0,0,0	2	199,90	0,3352	1	circRNA	LYST	NM_001301365	3,2	chr1:235813061-235830225|chr1:235833667-235883186
